74
167
259
351
443
534
626
719
810
902
993
1086
1177
1269
1362
1453
1545
1637
1729
1821
1913
2004
2097
2188
2280
2372
2464
2556
2647
2740
2832
2924
3015
3107
3198
3291
3383
3475
3566
3658
3750
3841
3934
4026
4117
4210
4301
4393
4485
4576
4669
4761
4853
4945
5037
5129
5221
5312
5404
5496
5588
5680
5772
5864
5955
6048
6140
6231
6323
6415
6507
6599
6691
6782
6875
6967
7058
7150
7242
7334
7426
7518
7609
7702
7794
7885
7977
8069
8161
8252
8345
8437
8528
8620
8712
8804
8896
8988
9079
9172
9263
9355
9447
9539
9631
9723
9815
9907
9999
10091
10183
10274
10367
10458
10549
10642
10734
10826
10918
11010
11101
11193
11285
11377
11469
11561
11653
11744
11836
11928
12021
12112
12204
12296
12388
12479
12572
12664
12755
12847
12939
13031
13123
13215
13307
13399
13491
13582
13674
13766
13858
13950
14042
14134
14226
14317
14409
14501
14593
14685
14777
14869
14961
15053
15145
15236
15328
15420
15513
15604
15695
15788
15880
15972
16064
16156
16247
16339
16431
16523
16615
16707
16798
16891
16982
17074
17166
17258
17350
17442
17534
17626
17718
17810
17901
17993
18085
18177
18269
18360
18453
18545
18637
18728
18820
18912
19004
19096
19188
19280
19372
19463
19556
19647
19740
19831
19923
20015
20107
20199
20290
20382
20474
20566
20658
20750
20842
20934
21026
21118
21210
21301
21393
21485
21577
21669
21761
21852
21945
22036
22128
22219
22312
22404
22496
22588
22679
22772
22863
22956
23047
23139
23231
23322
23414
23506
23598
23690
23783
23874
23966
24058
24150
24242
24334
24426
24518
24609
24701
24793
24885
24977
25069
25161
25252
25344
25437
25528
25620
25712
25804
25896
25988
26080
26172
26264
26356
26448
26540
26631
26724
26815
26907
26999
27091
27183
27275
27367
27458
27550
27642
27734
27826
27917
28010
28101
28193
28284
28377
28469
28561
28653
28745
28837
28929
29021
29112
29204
29296
29388
29480
29571
29664
29755
29847
29939
30031
30123
30215
30306
30398
30491
30582
30674
30765
30857
30950
31042
31134
31226
31317
31409
31501
31593
31685
31776
31869
31961
32053
32145
32236
32328
32420
32512
32604
32696
32788
32879
32971
33063
33155
33247
33338
33431
33523
33615
33706
33798
33890
33982
34074
34165
34258
34350
34442
34534
34624
34717
34809
34901
34993
35085
35177
35268
35360
35452
35544
35626
35702
35777
35852
35927
36003
36078
36153
36229
36304
36379
36455
36530
36606
36680
36756
36831
36906
36982
37057
37132
37207
37283
37358
37433
37509
37584
37659
37735
37810
37885
37961
38036
38111
38187
38262
38337
38412
38488
38563
38638
38714
38789
38864
38940
39015
39090
39166
39241
39316
39392
39467
39543
39618
39693
39768
39844
39919
39995
40070
40145
40220
40296
40371
40446
40522
40598
40673
40747
40823
40898
40974
41049
41125
41200
41275
41351
41426
41501
41577
41652
41727
41803
41878
41953
42029
42104
42180
42255
42330
42406
42481
42556
42632
42707
42782
42858
42933
43008
43084
43159
43235
43310
43385
43461
43536
43611
43687
43762
43838
43913
43988
44064
44139
44214
44290
44365
44440
44516
44591
44667
44742
44817
44893
44968
45044
45119
45194
45270
45345
45420
45496
45571
45647
45722
45798
45873
45948
46023
46099
46175
46250
46325
46401
46476
46551
46627
46703
46778
46853
46928
47004
47079
47154
47230
47305
47381
47456
47531
47607
47682
47758
47833
47908
47984
48059
48135
48210
48285
48361
48436
48512
48587
48662
48738
48813
48888
48964
49040
49115
49190
49266
49341
49416
49492
49567
49643
49718
49794
49869
49944
50020
50095
50171
50246
50321
50397
50472
50548
50623
50699
50774
50849
50925
51000
51075
51151
51227
51301
51377
51453
51528
51603
51679
51754
51830
51905
51981
52056
52131
52206
52282
52357
52433
52508
52584
52659
52734
52810
52885
52961
53036
53112
53187
53262
53338
53413
53489
53564
53640
53715
53791
53866
53941
54017
54092
54167
54243
54318
54394
54469
54545
54620
54696
54771
54846
54922
54997
55073
55148
55223
55299
55374
55450
55525
55601
55676
55751
55827
55902
55978
56053
56129
56204
56279
56355
56430
56506
56581
56657
56732
56794
56854
56914
56974
57034
57094
57155
57215
57275
57335
57395
57455
57515
57576
57636
57696
57756
57816
57876
57936
57996
58057
58117
58177
58237
58297
58357
58417
58478
58538
58598
58658
58718
58778
58838
58898
58959
59019
59079
59139
59199
59259
59320
59380
59440
59500
59560
59620
59681
59740
59801
59861
59921
59981
60042
60102
60162
60222
60282
60342
60402
60463
60523
60583
60643
60703
60763
60824
60883
60944
61004